55.0
55.0
55.0
55.0
55.0
55.0
67.0
67.0
67.0
55.0
55.0
55.0
64.0
64.0
64.0
64.0
64.0
62.0
62.0
62.0
62.0
60.0
60.0
60.0
60.0
62.0
62.0
62.0
62.0
62.0
57.0
57.0
57.0
57.0
57.0
57.0
57.0
57.0
59.0
59.0
57.0
57.0
57.0
57.0
69.0
69.0
69.0
69.0
69.0
62.0
62.0
62.0
62.0
67.0
67.0
67.0
67.0
67.0
62.0
62.0
62.0
62.0
62.0
62.0
62.0
62.0
62.0
62.0
62.0
62.0
67.0
67.0
67.0
62.0
62.0
62.0
62.0
64.0
64.0
64.0
64.0
62.0
62.0
62.0
62.0
60.0
60.0
60.0
60.0
62.0
62.0
62.0
62.0
57.0
57.0
57.0
57.0
57.0
57.0
57.0
57.0
57.0
59.0
59.0
57.0
57.0
57.0
57.0
69.0
69.0
69.0
69.0
69.0
62.0
62.0
62.0
62.0
72.0
72.0
72.0
72.0
72.0
62.0
71.0
71.0
71.0
71.0
71.0
71.0
71.0
71.0
71.0
71.0
71.0
64.0
64.0
71.0
71.0
71.0
71.0
62.0
62.0
62.0
62.0
62.0
67.0
67.0
67.0
67.0
55.0
55.0
55.0
55.0
55.0
67.0
67.0
55.0
55.0
55.0
55.0
